0	0
0.005	580107
0.015	229024
0.025	147200
0.035	96030
0.045	97661
0.055	74097
0.065	75367
0.075	66951
0.085	39476
0.095	48398
0.105	55579
0.115	54006
0.125	56861
0.135	51409
0.145	40797
0.155	38593
0.165	38100
0.175	29122
0.185	21676
0.195	21292
0.205	21330
0.215	22152
0.225	23535
0.235	23939
0.245	23048
0.255	23470
0.265	24239
0.275	23796
0.285	21350
0.295	20802
0.305	21482
0.315	20787
0.325	20028
0.335	19455
0.345	18982
0.355	16777
0.365	13844
0.375	13384
0.385	13382
0.395	12492
0.405	11872
0.415	10086
0.425	8402
0.435	7575
0.445	8875
0.455	11819
0.465	15210
0.475	17620
0.485	20262
0.495	20810
0.505	21521
0.515	22000
0.525	21374
0.535	21343
0.545	23095
0.555	22700
0.565	16631
0.575	19505
0.585	22013
0.595	21425
0.605	22301
0.615	22205
0.625	21910
0.635	21709
0.645	20438
0.655	20004
0.665	20316
0.675	19736
0.685	19842
0.695	19825
0.705	19343
0.715	18891
0.725	17984
0.735	18014
0.745	17780
0.755	17558
0.765	18194
0.775	17469
0.785	16675
0.795	16058
0.805	14050
0.815	12021
0.825	12188
0.835	12471
0.845	11742
0.855	11384
0.865	11124
0.875	10706
0.885	10026
0.895	9850
0.905	9077
0.915	7465
0.925	7634
0.935	6863
0.945	6597
0.955	6166
0.965	5515
0.975	5173
0.985	4818
0.995	4842
1.005	4996
1.015	5111
1.025	5683
1.035	6191
1.045	6386
1.055	7336
1.065	7933
1.075	8486
1.085	9091
1.095	9076
1.105	9566
1.115	10074
1.125	10395
1.135	10462
1.145	10961
1.155	11190
1.165	10433
1.175	11067
1.185	11730
1.195	11699
1.205	9871
1.215	10197
1.225	10513
1.235	10887
1.245	11487
1.255	11177
1.265	9324
1.275	9461
1.285	8484
1.295	6888
1.305	6036
1.315	5637
1.325	6230
1.335	7338
1.345	8651
1.355	9470
1.365	9999
1.375	10299
1.385	10280
1.395	10629
1.405	9932
1.415	9453
1.425	10388
1.435	9981
1.445	9951
1.455	10164
1.465	9934
1.475	9300
1.485	9198
1.495	9565
1.505	9576
1.515	9454
1.525	8445
1.535	8562
1.545	8550
1.555	8974
1.565	9031
1.575	8864
1.585	8568
1.595	6951
1.605	7018
1.615	7330
1.625	7273
1.635	6448
1.645	6001
1.655	4918
1.665	7023
1.675	7809
1.685	8305
1.695	8243
1.705	8159
1.715	8423
1.725	8555
1.735	8235
1.745	8278
1.755	8148
1.765	8484
1.775	8929
1.785	8967
1.795	9335
1.805	8914
1.815	9485
1.825	8361
1.835	4957
1.845	5454
1.855	5044
1.865	5497
1.875	5824
1.885	5566
1.895	5433
1.905	5037
1.915	5169
1.925	5195
1.935	5555
1.945	6043
1.955	6091
1.965	6005
1.975	5837
1.985	6394
1.995	6567
2.005	6900
2.015	6843
2.025	6935
2.035	7176
2.045	7212
2.055	6950
2.065	7180
2.075	7320
2.085	6375
2.095	5749
2.105	6060
2.115	5698
2.125	6513
2.135	6859
2.145	6842
2.155	6885
2.165	6825
2.175	6579
2.185	6811
2.195	7083
2.205	7127
2.215	7209
2.225	6526
2.235	7195
2.245	7532
2.255	7831
2.265	8267
2.275	7704
2.285	7246
2.295	7471
2.305	8433
2.315	9206
2.325	10619
2.335	10929
2.345	10933
2.355	10581
2.365	10811
2.375	8554
2.385	8995
2.395	8811
2.405	7952
2.415	7668
2.425	7350
2.435	7624
2.445	7272
2.455	6173
2.465	5938
2.475	6036
2.485	5523
2.495	4895
2.505	5014
2.515	5277
2.525	5260
2.535	5296
2.545	5129
2.555	5264
2.565	5067
2.575	4948
2.585	4886
2.595	4936
2.605	4890
2.615	5020
2.625	5063
2.635	4881
2.645	4935
2.655	4784
2.665	4518
2.675	4707
2.685	4889
2.695	4657
2.705	4451
2.715	4631
2.725	4630
2.735	4524
2.745	4509
2.755	4321
2.765	4421
2.775	3950
2.785	3754
2.795	3842
2.805	3800
2.815	3869
2.825	3678
2.835	3763
2.845	3550
2.855	3273
2.865	3211
2.875	3388
2.885	3297
2.895	3751
2.905	3608
2.915	3569
2.925	3623
2.935	3242
2.945	3202
2.955	3464
2.965	3530
2.975	3600
2.985	3569
2.995	3413
3.005	2957
3.015	2987
3.025	3122
3.035	3169
3.045	3130
3.055	3154
3.065	3003
3.075	3313
3.085	3213
3.095	3081
3.105	2800
3.115	2747
3.125	2755
3.135	2664
3.145	2376
3.155	2517
3.165	2581
3.175	2446
3.185	2349
3.195	2255
3.205	2226
3.215	1866
3.225	2074
3.235	1795
3.245	1775
3.255	1810
3.265	1777
3.275	1672
3.285	1644
3.295	1622
3.305	1712
3.315	1645
3.325	1597
3.335	1524
3.345	1544
3.355	1479
3.365	1419
3.375	1380
3.385	1433
3.395	1422
3.405	1431
3.415	1425
3.425	1453
3.435	1299
3.445	1249
3.455	1326
3.465	1350
3.475	1285
3.485	1331
3.495	1351
3.505	1242
3.515	1258
3.525	1292
3.535	1235
3.545	1192
3.555	1164
3.565	1187
3.575	1206
3.585	1294
3.595	1136
3.605	1147
3.615	1230
3.625	1215
3.635	1173
3.645	1135
3.655	1162
3.665	1157
3.675	1143
3.685	1151
3.695	1139
3.705	976
3.715	1051
3.725	1122
3.735	1017
3.745	1040
3.755	858
3.765	614
3.775	763
3.785	827
3.805	1017
3.815	1046
3.825	1011
3.835	1082
3.845	1039
3.855	1152
3.865	1090
3.875	1050
3.885	1070
3.895	1139
3.905	1054
3.915	1036
3.925	965
3.935	997
3.945	1009
3.955	948
3.965	986
3.975	988
3.985	995
3.995	1041
4.005	960
4.015	1074
4.025	1031
4.035	1050
4.045	1044
4.055	1135
4.065	1122
4.075	1085
4.085	1163
4.095	1202
4.105	1142
4.115	1132
4.125	1090
4.135	1076
4.145	1007
4.155	995
4.165	873
4.175	826
4.185	810
4.195	808
4.205	715
4.215	718
4.225	771
4.235	766
4.245	838
4.255	756
4.265	812
4.275	816
4.285	857
4.295	778
4.305	610
4.315	601
4.325	545
4.335	534
4.345	560
4.355	510
4.365	563
4.375	630
4.385	620
4.395	668
4.405	593
4.415	613
4.425	611
4.435	638
4.445	608
4.455	579
4.465	640
4.475	704
4.485	606
4.495	608
4.505	663
4.515	682
4.525	475
4.535	475
4.545	595
4.555	578
4.565	620
4.575	641
4.585	617
4.595	559
4.605	605
4.615	583
4.625	503
4.635	468
4.645	533
4.655	526
4.665	511
4.675	581
4.685	611
4.695	580
4.705	504
4.715	535
4.725	562
4.735	571
4.745	522
4.755	522
4.765	462
4.775	478
4.785	474
4.795	468
4.805	465
4.815	396
4.825	388
4.835	382
4.845	399
4.855	389
4.865	344
4.875	361
4.885	451
4.895	439
4.905	402
4.915	388
4.925	432
4.935	453
4.945	438
4.955	415
4.965	434
4.975	426
4.985	436
4.995	392
5.005	384
5.015	374
5.025	388
5.035	377
5.045	375
5.055	347
5.065	299
5.075	281
5.085	289
5.095	294
5.105	242
5.115	217
5.125	168
5.135	220
5.145	238
5.155	241
5.165	260
5.175	285
5.185	291
5.195	274
5.205	272
5.215	277
5.225	315
5.235	303
5.245	279
5.255	310
5.265	291
5.275	325
5.285	318
5.295	302
5.305	274
5.315	267
5.325	304
5.335	291
5.345	273
5.355	294
5.365	244
5.375	220
5.385	226
5.395	273
5.405	266
5.415	264
5.425	250
5.435	266
5.445	282
5.455	256
5.465	260
5.475	261
5.485	250
5.495	277
5.505	242
5.515	234
5.525	240
5.535	210
5.545	200
5.555	176
5.565	196
5.575	192
5.585	197
5.595	161
5.605	152
5.615	147
5.625	156
5.635	149
5.645	157
5.655	143
5.665	164
5.675	174
5.685	135
5.695	128
5.705	155
5.715	140
5.725	145
5.735	153
5.745	131
5.755	176
5.765	152
5.775	145
5.785	142
5.795	156
5.805	132
5.815	150
5.825	138
5.835	143
5.845	129
5.855	140
5.865	143
5.875	134
5.885	130
5.895	147
5.905	131
5.915	104
5.925	115
5.935	135
5.945	145
5.955	136
5.965	155
5.975	154
5.985	191
5.995	139
6.005	118
6.015	126
6.025	133
6.035	126
6.045	139
6.055	112
6.065	140
6.075	110
6.085	123
6.095	114
6.105	140
6.115	139
6.125	143
6.135	162
6.145	149
6.155	130
6.165	118
6.175	148
6.185	141
6.195	142
6.205	144
6.225	113
6.235	125
6.245	99
6.255	129
6.265	103
6.275	106
6.285	93
6.295	96
6.305	104
6.315	98
6.325	115
6.335	122
6.345	99
6.355	101
6.365	88
6.375	85
6.385	80
6.395	77
6.405	84
6.415	87
6.425	81
6.435	89
6.445	114
6.455	108
6.465	94
6.475	115
6.485	118
6.495	97
6.505	117
6.515	110
6.525	83
6.535	88
6.545	93
6.555	89
6.565	104
6.575	90
6.585	116
6.595	85
6.605	86
6.615	81
6.625	79
6.635	66
6.645	91
6.655	80
6.665	67
6.675	49
6.685	71
6.695	74
6.705	61
6.715	68
6.725	62
6.735	60
6.745	60
6.755	74
6.765	70
6.775	61
6.785	62
6.795	57
6.805	55
6.815	56
6.825	50
6.835	60
6.845	60
6.855	62
6.865	59
6.875	66
6.885	58
6.895	58
6.905	66
6.915	60
6.925	60
6.935	65
6.945	74
6.955	71
6.965	63
6.975	53
6.985	47
6.995	68
7.005	51
7.015	52
7.025	51
7.035	54
7.045	59
7.065	45
7.075	47
7.085	51
7.095	48
7.105	47
7.115	46
7.125	42
7.135	44
7.145	40
7.155	44
7.165	40
7.175	40
7.185	39
7.195	35
7.205	27
7.215	29
7.225	37
7.235	41
7.245	32
7.255	53
7.265	45
7.275	28
7.285	31
7.295	35
7.305	18
7.315	37
7.325	30
7.335	25
7.345	31
7.355	39
7.365	40
7.375	25
7.385	24
7.395	41
7.405	35
7.415	24
7.425	35
7.435	45
7.445	28
7.455	25
7.465	31
7.475	31
7.485	38
7.495	48
7.505	26
7.515	37
7.525	36
7.535	26
7.545	26
7.555	31
7.565	21
7.575	33
7.585	33
7.595	30
7.605	24
7.615	27
7.625	38
7.635	27
7.645	26
7.655	35
7.665	21
7.675	27
7.685	28
7.695	26
7.705	18
7.715	26
7.725	26
7.735	13
7.745	21
7.755	18
7.765	19
7.775	26
7.785	24
7.795	22
7.805	20
7.815	18
7.825	19
7.835	22
7.845	25
7.855	15
7.865	16
7.875	17
7.885	21
7.895	15
7.905	14
7.915	27
7.925	15
7.935	22
7.945	22
7.955	23
7.965	20
7.975	30
7.985	16
7.995	14
8.005	23
8.015	18
8.025	20
8.035	17
8.045	17
8.055	27
8.065	23
8.075	23
8.085	26
8.095	9
8.105	14
8.115	13
8.125	10
8.135	13
8.145	18
8.155	12
8.165	13
8.175	9
8.185	13
8.195	18
8.205	11
8.215	11
8.225	17
8.235	11
8.245	9
8.255	12
8.265	12
8.275	12
8.285	13
8.295	14
8.305	13
8.315	10
8.325	16
8.335	14
8.345	12
8.355	9
8.365	11
8.375	13
8.385	8
8.395	10
8.405	8
8.415	9
8.425	9
8.435	10
8.445	6
8.455	9
8.465	20
8.475	14
8.485	10
8.495	13
8.505	6
8.515	7
8.525	15
8.535	6
8.545	16
8.555	8
8.565	6
8.575	8
8.585	4
8.595	15
8.605	13
8.615	9
8.625	6
8.635	11
8.645	12
8.655	11
8.665	7
8.675	6
8.685	10
8.695	8
8.705	11
8.715	5
8.725	6
8.735	7
8.745	8
8.755	7
8.765	6
8.775	10
8.785	4
8.795	6
8.805	8
8.815	6
8.825	8
8.835	4
8.845	5
8.855	3
8.865	9
8.875	2
8.885	3
8.895	5
8.905	4
8.915	9
8.925	4
8.935	3
8.945	5
8.955	3
8.965	5
8.975	6
8.985	3
8.995	7
9.005	3
9.015	2
9.025	7
9.035	4
9.045	5
9.055	7
9.065	2
9.075	5
9.085	2
9.095	3
9.105	3
9.115	3
9.125	2
9.135	3
9.145	6
9.155	2
9.165	1
9.175	4
9.185	4
9.195	2
9.205	7
9.215	3
9.225	4
9.235	3
9.245	4
9.255	3
9.265	3
9.275	3
9.285	1
9.295	5
9.305	2
9.315	1
9.325	1
9.335	3
9.345	5
9.355	2
9.365	2
9.375	1
9.385	0
9.395	1
9.405	4
9.415	6
9.425	1
9.435	2
9.445	3
9.455	3
9.465	3
9.475	3
9.485	3
9.495	2
9.505	4
9.515	1
9.525	2
9.535	5
9.545	2
9.555	1
9.565	5
9.575	0
9.585	3
9.595	0
9.605	3
9.615	2
9.625	1
9.635	1
9.645	2
9.655	1
9.665	0
9.675	1
9.685	2
9.695	2
9.705	0
9.715	1
9.725	2
9.735	2
9.745	1
9.755	2
9.765	1
9.775	2
9.785	0
9.795	3
9.805	1
9.815	0
9.825	1
9.835	2
9.845	1
9.855	2
9.865	1
9.875	1
9.885	1
9.895	2
9.905	0
9.915	0
9.925	3
9.935	1
9.945	0
9.955	0
9.965	0
9.975	0
9.985	0
9.995	0
